DONI22009
38 0 703
1 5.49417000000000E+0002  9.58576000000000E+0003
2 5.39180000000000E+0002  9.56607000000000E+0003
3 5.49261000000000E+0002  9.58728000000000E+0003
4 5.47205000000000E+0002  9.57873000000000E+0003
5 5.52326963716115E+0002  9.58709628866234E+0003
6 5.41955000000000E+0002  9.58160000000000E+0003
7 5.56324000000000E+0002  9.57215000000000E+0003
8 5.53938000000000E+0002  9.58369000000000E+0003
9 5.45631000000000E+0002  9.58204000000000E+0003
10 5.58161000000000E+0002  9.58792000000000E+0003
11 5.54182000000000E+0002  9.58352000000000E+0003
12 5.42650000000000E+0002  9.56839000000000E+0003
13 5.46156000000000E+0002  9.58654000000000E+0003
14 5.42481000000000E+0002  9.58111000000000E+0003
15 5.50784000000000E+0002  9.58915000000000E+0003
16 5.45049000000000E+0002  9.58760000000000E+0003
17 5.62580000000000E+0002  9.57326000000000E+0003
18 5.45970000000000E+0002  9.57990000000000E+0003
19 5.44085000000000E+0002  9.57993000000000E+0003
20 5.44343000000000E+0002  9.58842000000000E+0003
21 5.57226000000000E+0002  9.58664000000000E+0003
22 5.39180000000000E+0002  9.56607000000000E+0003
23 5.55268000000000E+0002  9.57799000000000E+0003
24 5.35704859871732E+0002  9.58878483033096E+0003
25 5.45188000000000E+0002  9.58596000000000E+0003
26 5.52847000000000E+0002  9.58556000000000E+0003
27 5.56513000000000E+0002  9.58710000000000E+0003
28 5.51312000000000E+0002  9.58759000000000E+0003
29 5.46774000000000E+0002  9.58342000000000E+0003
30 5.58078000000000E+0002  9.55838000000000E+0003
31 5.47853000000000E+0002  9.58493000000000E+0003
32 5.57698000000000E+0002  9.58637000000000E+0003
33 5.70860000000000E+0002  9.56612000000000E+0003
34 5.45103000000000E+0002  9.58913000000000E+0003
35 5.70860000000000E+0002  9.56612000000000E+0003
36 5.56013000000000E+0002  9.58130000000000E+0003
37 5.37617343257261E+0002  9.58743165526855E+0003
38 5.35709247219829E+0002  9.58878483033096E+0003