DONI12009
1000 0 0
1	5.49417000000000E+0002  9.58576000000000E+0003
2	 5.39180000000000E+0002  9.56607000000000E+0003
3	 5.49261000000000E+0002  9.58728000000000E+0003
4	 5.47205000000000E+0002  9.57873000000000E+0003
5	 5 5.52326963716115E+0002  9.58709628866234E+0003
6	 5.41955000000000E+0002  9.58160000000000E+0003
7	 5.56324000000000E+0002  9.57215000000000E+0003
8	 5.53938000000000E+0002  9.58369000000000E+0003
9	 5.45631000000000E+0002  9.58204000000000E+0003
10	 5.58161000000000E+0002  9.58792000000000E+0003
11	 5.54182000000000E+0002  9.58352000000000E+0003
12	 5.42650000000000E+0002  9.56839000000000E+0003
13	 5.46156000000000E+0002  9.58654000000000E+0003
14	 5.42481000000000E+0002  9.58111000000000E+0003
15	 5.50784000000000E+0002  9.58915000000000E+0003
16	 5.45049000000000E+0002  9.58760000000000E+0003
17	 5.62580000000000E+0002  9.57326000000000E+0003
18	 5.45970000000000E+0002  9.57990000000000E+0003
19	 5.44085000000000E+0002  9.57993000000000E+0003
20	 5.44343000000000E+0002  9.58842000000000E+0003
21	 5.57226000000000E+0002  9.58664000000000E+0003
22	 5.39180000000000E+0002  9.56607000000000E+0003
23	 5.55268000000000E+0002  9.57799000000000E+0003
24	 5.35704859871732E+0002  9.58878483033096E+0003
25	 5.45188000000000E+0002  9.58596000000000E+0003
26	 5.52847000000000E+0002  9.58556000000000E+0003
27	 5.56513000000000E+0002  9.58710000000000E+0003
28	 5.51312000000000E+0002  9.58759000000000E+0003
29	 5.46774000000000E+0002  9.58342000000000E+0003
30	 5.58078000000000E+0002  9.55838000000000E+0003
31	 5.47853000000000E+0002  9.58493000000000E+0003
32	 5.57698000000000E+0002  9.58637000000000E+0003
33	 5.70860000000000E+0002  9.56612000000000E+0003
34	 5.45103000000000E+0002  9.58913000000000E+0003
35	 5.70860000000000E+0002  9.56612000000000E+0003
36	 5.56013000000000E+0002  9.58130000000000E+0003
37	 5.37617343257261E+0002  9.58743165526855E+0003
38	 5.35709247219829E+0002  9.58878483033096E+0003
39	 5.48250000000000E+0002  9.58853000000000E+0003
40	 5.70860000000000E+0002  9.56612000000000E+0003
41	 5.62580000000000E+0002  9.57326000000000E+0003
42	 5.35722409264121E+0002  9.58877166828667E+0003
43	 5.51323006526137E+0002  9.57994098336302E+0003
44	 5.45360000191742E+0002  9.58449116140914E+0003
45	 5.39180000000000E+0002  9.56607000000000E+0003
46	 5.44483000000000E+0002  9.58213000000000E+0003
47	 5.45267842013696E+0002  9.57742257864293E+0003
48	 5.55403363368870E+0002  9.58686382746482E+0003
49	 5.41152429615873E+0002  9.58428336735082E+0003
50	 5.70860000000000E+0002  9.56612000000000E+0003
51	 5.48735000000000E+0002  9.59010000000000E+0003
52	 5.56354648618337E+0002  9.57618448205330E+0003
53	 5.43377000000000E+0002  9.58113000000000E+0003
54	 5.43990000000000E+0002  9.54708000000000E+0003
55	 5.45185000000000E+0002  9.58728000000000E+0003
56	 5.57106053880597E+0002  9.58652881618977E+0003
57	 5.46458000000000E+0002  9.58392000000000E+0003
58	 5.35718021916024E+0002  9.58878921767906E+0003
59	 5.47620000000000E+0002  9.57642000000000E+0003
60	 5.37406503839629E+0002  9.58809750259941E+0003
61	 5.42650000000000E+0002  9.56839000000000E+0003
62	 5.51236000000000E+0002  9.58754000000000E+0003
63	 5.62580000000000E+0002  9.57326000000000E+0003
64	 5.57923000000000E+0002  9.58679000000000E+0003
65	 5.42542939363300E+0002  9.58435914198149E+0003
66	 5.51134000000000E+0002  9.58750000000000E+0003
67	 5.45580000000000E+0002  9.55276000000000E+0003
68	 5.51202000000000E+0002  9.58755000000000E+0003
69	 5.52656000000000E+0002  9.58629000000000E+0003
70	 5.49014000000000E+0002  9.58655000000000E+0003
71	 5.52790000000000E+0002  9.58818000000000E+0003
72	 5.43220000000000E+0002  9.58285000000000E+0003
73	 5.52650000000000E+0002  9.58622000000000E+0003
74	 5.45580000000000E+0002  9.55276000000000E+0003
75	 5.46172000000000E+0002  9.58788000000000E+0003
76	 5.39180000000000E+0002  9.56607000000000E+0003
77	 5.59013000000000E+0002  9.58090000000000E+0003
78	 5.50455000000000E+0002  9.58398000000000E+0003
79	 5.58788000000000E+0002  9.58544000000000E+0003
80	 5.55107000000000E+0002  9.58024000000000E+0003
81	 5.35713634567926E+0002  9.58875850624238E+0003
82	 5.55558000000000E+0002  9.58101000000000E+0003
83	 5.45823000000000E+0002  9.58192000000000E+0003
84	 5.42650000000000E+0002  9.56839000000000E+0003
85	 5.50218000000000E+0002  9.58475000000000E+0003
86	 5.42650000000000E+0002  9.56839000000000E+0003
87	 5.42650000000000E+0002  9.56839000000000E+0003
88	 5.42650000000000E+0002  9.56839000000000E+0003
89	 5.48587000000000E+0002  9.58990000000000E+0003
90	 5.49146000000000E+0002  9.59009000000000E+0003
91	 5.48803000000000E+0002  9.59013000000000E+0003
92	 5.49872000000000E+0002  9.58966000000000E+0003
93	 5.49351000000000E+0002  9.59002000000000E+0003
94	 5.49393000000000E+0002  9.58986000000000E+0003
95	 5.48881000000000E+0002  9.59018000000000E+0003
96	 5.47869000000000E+0002  9.58073000000000E+0003
97	 5.49824000000000E+0002  9.58980000000000E+0003
98	 5.46443000000000E+0002  9.58014000000000E+0003
99	 5.49751000000000E+0002  9.58982000000000E+0003
100	 5.49803000000000E+0002  9.58981000000000E+0003
101	 5.49291000000000E+0002  9.58982000000000E+0003
102	 5.46644000000000E+0002  9.59136000000000E+0003
103	 5.51747991052889E+0002  9.58889200937044E+0003
104	 5.42618253110421E+0002  9.57787114031811E+0003
105	 5.44954000000000E+0002  9.58851000000000E+0003
106	 5.49643000000000E+0002  9.58987000000000E+0003
107	 5.49261000000000E+0002  9.59009000000000E+0003
108	 5.42650000000000E+0002  9.56839000000000E+0003
109	 5.49338000000000E+0002  9.59008000000000E+0003
110	 5.50630000000000E+0002  9.58549000000000E+0003
111	 5.48701000000000E+0002  9.59038000000000E+0003
112	 5.48852000000000E+0002  9.59001000000000E+0003
113	 5.44779000000000E+0002  9.58878000000000E+0003
114	 5.49685000000000E+0002  9.58992000000000E+0003
115	 5.53971000000000E+0002  9.58868000000000E+0003
116	 5.48913000000000E+0002  9.59009000000000E+0003
117	 5.35700472523635E+0002  9.58877605563477E+0003
118	 5.47407000000000E+0002  9.59082000000000E+0003
119	 5.55906319435845E+0002  9.58680273086762E+0003
120	 5.47352000000000E+0002  9.59084000000000E+0003
121	 5.47332000000000E+0002  9.59084000000000E+0003
122	 5.35709247219829E+0002  9.58878044298286E+0003
123	 5.48115000000000E+0002  9.59059000000000E+0003
124	 5.49573000000000E+0002  9.58586000000000E+0003
125	 5.48620000000000E+0002  9.59042000000000E+0003
126	 5.49972000000000E+0002  9.58039000000000E+0003
127	 5.57234000000000E+0002  9.58826000000000E+0003
128	 5.42099927262978E+0002  9.58369947874811E+0003
129	 5.42650000000000E+0002  9.56839000000000E+0003
130	 5.51041219741130E+0002  9.58741861306663E+0003
131	 5.38482369638477E+0002  9.58298526715684E+0003
132	 5.38455450389652E+0002  9.58297263584999E+0003
133	 5.50508000000000E+0002  9.58407000000000E+0003
134	 5.46876000000000E+0002  9.59060000000000E+0003
135	 5.57347000000000E+0002  9.57573000000000E+0003
136	 5.46049000000000E+0002  9.58948000000000E+0003
137	 5.42650000000000E+0002  9.56839000000000E+0003
138	 5.35704859871732E+0002  9.58878044298286E+0003
139	 5.45122000000000E+0002  9.57855000000000E+0003
140	 5.44098000000000E+0002  9.58006000000000E+0003
141	 5.49742000000000E+0002  9.57995000000000E+0003
142	 5.62580000000000E+0002  9.57326000000000E+0003
143	 5.48103000000000E+0002  9.58383000000000E+0003
144	 5.42650000000000E+0002  9.56839000000000E+0003
145	 5.49745000000000E+0002  9.58043000000000E+0003
146	 5.46441000000000E+0002  9.58045000000000E+0003
147	 5.51399000000000E+0002  9.58079000000000E+0003
148	 5.62580000000000E+0002  9.57326000000000E+0003
149	 5.62580000000000E+0002  9.57326000000000E+0003
150	 5.62580000000000E+0002  9.57326000000000E+0003
151	 5.62580000000000E+0002  9.57326000000000E+0003
152	 5.51274000000000E+0002  9.58770000000000E+0003
153	 5.57064000000000E+0002  9.57606000000000E+0003
154	 5.47574000000000E+0002  9.57595000000000E+0003
155	 5.38156661472662E+0002  9.58701427782480E+0003
156	 5.49428000000000E+0002  9.58476000000000E+0003
157	 5.56480000000000E+0002  9.57716000000000E+0003
158	 5.50927000000000E+0002  9.57829000000000E+0003
159	 5.56288000000000E+0002  9.58317000000000E+0003
160	 5.55528000000000E+0002  9.57336000000000E+0003
161	 5.52670000000000E+0002  9.58795000000000E+0003
162	 5.47557000000000E+0002  9.59024000000000E+0003
163	 5.42650000000000E+0002  9.56839000000000E+0003
164	 5.57584000000000E+0002  9.58813000000000E+0003
165	 5.49902000000000E+0002  9.58362000000000E+0003
166	 5.56751000000000E+0002  9.57616000000000E+0003
167	 5.42650000000000E+0002  9.56839000000000E+0003
168	 5.43687000000000E+0002  9.58215000000000E+0003
169	 5.48183000000000E+0002  9.58801000000000E+0003
170	 5.39180000000000E+0002  9.56607000000000E+0003
171	 5.46792000000000E+0002  9.59037000000000E+0003
172	 5.42650000000000E+0002  9.56839000000000E+0003
173	 5.42557000000000E+0002  9.58056000000000E+0003
174	 5.35735571308413E+0002  9.58877166828667E+0003
175	 5.41603000000000E+0002  9.58106000000000E+0003
176	 5.45404000000000E+0002  9.57847000000000E+0003
177	 5.45580000000000E+0002  9.55276000000000E+0003
178	 5.45521000000000E+0002  9.57852000000000E+0003
179	 5.42650000000000E+0002  9.56839000000000E+0003
180	 5.56840000000000E+0002  9.57648000000000E+0003
181	 5.44884000000000E+0002  9.58908000000000E+0003
182	 5.35709247219829E+0002  9.58878921767906E+0003
183	 5.45854000000000E+0002  9.58853000000000E+0003
184	 5.43356000000000E+0002  9.58436000000000E+0003
185	 5.46596000000000E+0002  9.58879000000000E+0003
186	 5.46477000000000E+0002  9.58773000000000E+0003
187	 5.54939000000000E+0002  9.58146000000000E+0003
188	 5.43147000000000E+0002  9.58391000000000E+0003
189	 5.46247000000000E+0002  9.58778000000000E+0003
190	 5.46076000000000E+0002  9.58915000000000E+0003
191	 5.46179000000000E+0002  9.58929000000000E+0003
192	 5.46026000000000E+0002  9.58854000000000E+0003
193	 5.45782000000000E+0002  9.58838000000000E+0003
194	 5.46028000000000E+0002  9.58834000000000E+0003
195	 5.51403000000000E+0002  9.58382000000000E+0003
196	 5.42698000000000E+0002  9.58312000000000E+0003
197	 5.55707000000000E+0002  9.58314000000000E+0003
198	 5.55426093281416E+0002  9.58227954133481E+0003
199	 5.57436000000000E+0002  9.58645000000000E+0003
200	 5.59601000000000E+0002  9.58889000000000E+0003
201	 5.54531000000000E+0002  9.58434000000000E+0003
202	 5.35704859871732E+0002  9.58878483033096E+0003
203	 5.53793000000000E+0002  9.58764000000000E+0003
204	 5.42748000000000E+0002  9.58314000000000E+0003
205	 5.44563000000000E+0002  9.58326000000000E+0003
206	 5.43906000000000E+0002  9.58406000000000E+0003
207	 5.43535000000000E+0002  9.58368000000000E+0003
208	 5.43683000000000E+0002  9.58409000000000E+0003
209	 5.54774886054159E+0002  9.57082070098723E+0003
210	 5.57541616607821E+0002  9.58851832359747E+0003
211	 5.44413000000000E+0002  9.58310000000000E+0003
212	 5.54375000000000E+0002  9.58778000000000E+0003
213	 5.56031000000000E+0002  9.58786000000000E+0003
214	 5.56394000000000E+0002  9.58724000000000E+0003
215	 5.43938000000000E+0002  9.58330000000000E+0003
216	 5.42650000000000E+0002  9.56839000000000E+0003
217	 5.45036000000000E+0002  9.57790000000000E+0003
218	 5.47047000000000E+0002  9.59077000000000E+0003
219	 5.48231000000000E+0002  9.58708000000000E+0003
220	 5.43226000000000E+0002  9.58276000000000E+0003
221	 5.53236000000000E+0002  9.58629000000000E+0003
222	 5.57024000000000E+0002  9.58754000000000E+0003
223	 5.55049000000000E+0002  9.58513000000000E+0003
224	 5.44525000000000E+0002  9.58287000000000E+0003
225	 5.57223000000000E+0002  9.58714000000000E+0003
226	 5.56840000000000E+0002  9.58710000000000E+0003
227	 5.57203000000000E+0002  9.58766000000000E+0003
228	 5.54803000000000E+0002  9.58434000000000E+0003
229	 5.57133000000000E+0002  9.58706000000000E+0003
230	 5.54185000000000E+0002  9.58460000000000E+0003
231	 5.54061000000000E+0002  9.58419000000000E+0003
232	 5.44571000000000E+0002  9.58297000000000E+0003
233	 5.54070000000000E+0002  9.58206000000000E+0003
234	 5.42650000000000E+0002  9.56839000000000E+0003
235	 5.54390000000000E+0002  9.58586000000000E+0003
236	 5.54873000000000E+0002  9.58449000000000E+0003
237	 5.56688000000000E+0002  9.58786000000000E+0003
238	 5.53749000000000E+0002  9.58476000000000E+0003
239	 5.53560000000000E+0002  9.58473000000000E+0003
240	 5.43094000000000E+0002  9.58256000000000E+0003
241	 5.53537000000000E+0002  9.58532000000000E+0003
242	 5.43979000000000E+0002  9.58378000000000E+0003
243	 5.35700000000000E+0002  9.58880000000000E+0003
244	 5.55536000000000E+0002  9.58571000000000E+0003
245	 5.55848000000000E+0002  9.58579000000000E+0003
246	 5.53519000000000E+0002  9.58498000000000E+0003
247	 5.53710000000000E+0002  9.58213000000000E+0003
248	 5.42650000000000E+0002  9.56839000000000E+0003
249	 5.48597000000000E+0002  9.58260000000000E+0003
250	 5.54867000000000E+0002  9.58440000000000E+0003
251	 5.53862000000000E+0002  9.58269000000000E+0003
252	 5.54554000000000E+0002  9.58629000000000E+0003
253	 5.53859000000000E+0002  9.58267000000000E+0003
254	 5.53941000000000E+0002  9.58476000000000E+0003
255	 5.57031000000000E+0002  9.58659000000000E+0003
256	 5.54597000000000E+0002  9.58521000000000E+0003
257	 5.48387000000000E+0002  9.58686000000000E+0003
258	 5.45719000000000E+0002  9.57780000000000E+0003
259	 5.57360000000000E+0002  9.58698000000000E+0003
260	 5.48428000000000E+0002  9.58269000000000E+0003
261	 5.57081000000000E+0002  9.58748000000000E+0003
262	 5.53743000000000E+0002  9.58197000000000E+0003
263	 5.53778000000000E+0002  9.58512000000000E+0003
264	 5.54008000000000E+0002  9.58636000000000E+0003
265	 5.44195000000000E+0002  9.58313000000000E+0003
266	 5.48016000000000E+0002  9.57953000000000E+0003
267	 5.45719000000000E+0002  9.58400000000000E+0003
268	 5.45401000000000E+0002  9.58594000000000E+0003
269	 5.45600000000000E+0002  9.58376000000000E+0003
270	 5.44969000000000E+0002  9.58580000000000E+0003
271	 5.48253000000000E+0002  9.58466000000000E+0003
272	 5.47008000000000E+0002  9.58288000000000E+0003
273	 5.48272000000000E+0002  9.58377000000000E+0003
274	 5.46855000000000E+0002  9.58049000000000E+0003
275	 5.47960000000000E+0002  9.58458000000000E+0003
276	 5.45022000000000E+0002  9.58611000000000E+0003
277	 5.48463000000000E+0002  9.58497000000000E+0003
278	 5.45852000000000E+0002  9.58683000000000E+0003
279	 5.45776000000000E+0002  9.58327000000000E+0003
280	 5.46732000000000E+0002  9.58350000000000E+0003
281	 5.44990000000000E+0002  9.58634000000000E+0003
282	 5.44628000000000E+0002  9.58657000000000E+0003
283	 5.46294000000000E+0002  9.58016000000000E+0003
284	 5.45645000000000E+0002  9.58628000000000E+0003
285	 5.48560000000000E+0002  9.58372000000000E+0003
286	 5.47238000000000E+0002  9.58296000000000E+0003
287	 5.45406000000000E+0002  9.58685000000000E+0003
288	 5.55401000000000E+0002  9.57610000000000E+0003
289	 5.46500000000000E+0002  9.58005000000000E+0003
290	 5.56843000000000E+0002  9.57639000000000E+0003
291	 5.56584000000000E+0002  9.57679000000000E+0003
292	 5.53757000000000E+0002  9.58783000000000E+0003
293	 5.56024000000000E+0002  9.57804000000000E+0003
294	 5.56439000000000E+0002  9.57772000000000E+0003
295	 5.46791766066098E+0002  9.57894846217911E+0003
296	 5.46295000000000E+0002  9.57996000000000E+0003
297	 5.56746000000000E+0002  9.57689000000000E+0003
298	 5.47125000000000E+0002  9.58081000000000E+0003
299	 5.56054000000000E+0002  9.57806000000000E+0003
300	 5.48556000000000E+0002  9.58369000000000E+0003
301	 5.46120000000000E+0002  9.58003000000000E+0003
302	 5.44502000000000E+0002  9.58965000000000E+0003
303	 5.44887000000000E+0002  9.58959000000000E+0003
304	 5.55416000000000E+0002  9.57602000000000E+0003
305	 5.55564000000000E+0002  9.57740000000000E+0003
306	 5.44619000000000E+0002  9.58889000000000E+0003
307	 5.58209000000000E+0002  9.57673000000000E+0003
308	 5.54636000000000E+0002  9.57798000000000E+0003
309	 5.56597000000000E+0002  9.57586000000000E+0003
310	 5.58179000000000E+0002  9.57663000000000E+0003
311	 5.44851000000000E+0002  9.58947000000000E+0003
312	 5.57771000000000E+0002  9.57719000000000E+0003
313	 5.57368000000000E+0002  9.57706000000000E+0003
314	 5.45575000000000E+0002  9.58934000000000E+0003
315	 5.56609000000000E+0002  9.57759000000000E+0003
316	 5.45574000000000E+0002  9.58935000000000E+0003
317	 5.45272000000000E+0002  9.59004000000000E+0003
318	 5.57556000000000E+0002  9.57838000000000E+0003
319	 5.56182000000000E+0002  9.57664000000000E+0003
320	 5.56633000000000E+0002  9.58453000000000E+0003
321	 5.52636000000000E+0002  9.58459000000000E+0003
322	 5.51666000000000E+0002  9.58328000000000E+0003
323	 5.58080000000000E+0002  9.57739000000000E+0003
324	 5.59944000000000E+0002  9.57903000000000E+0003
325	 5.52209000000000E+0002  9.58357000000000E+0003
326	 5.59703000000000E+0002  9.57921000000000E+0003
327	 5.58067293110981E+0002  9.57805005348186E+0003
328	 5.57387000000000E+0002  9.58402000000000E+0003
329	 5.58294000000000E+0002  9.57776000000000E+0003
330	 5.51481000000000E+0002  9.58326000000000E+0003
331	 5.52449000000000E+0002  9.58282000000000E+0003
332	 5.60346000000000E+0002  9.57914000000000E+0003
333	 5.57670000000000E+0002  9.57730000000000E+0003
334	 5.59172373925078E+0002  9.57990676254549E+0003
335	 5.54442000000000E+0002  9.58118000000000E+0003
336	 5.56961000000000E+0002  9.57943000000000E+0003
337	 5.58515000000000E+0002  9.58300000000000E+0003
338	 5.52104000000000E+0002  9.58337000000000E+0003
339	 5.52806000000000E+0002  9.58467000000000E+0003
340	 5.45268000000000E+0002  9.58871000000000E+0003
341	 5.58369000000000E+0002  9.58278000000000E+0003
342	 5.49941000000000E+0002  9.58062000000000E+0003
343	 5.55587000000000E+0002  9.58166000000000E+0003
344	 5.49991000000000E+0002  9.58156000000000E+0003
345	 5.55627000000000E+0002  9.58166000000000E+0003
346	 5.55867000000000E+0002  9.58157000000000E+0003
347	 5.45329000000000E+0002  9.58871000000000E+0003
348	 5.50307000000000E+0002  9.58213000000000E+0003
349	 5.55329000000000E+0002  9.58218000000000E+0003
350	 5.50162000000000E+0002  9.58235000000000E+0003
351	 5.51112000000000E+0002  9.58122000000000E+0003
352	 5.51248000000000E+0002  9.58087000000000E+0003
353	 5.51470000000000E+0002  9.58110000000000E+0003
354	 5.55045000000000E+0002  9.58173000000000E+0003
355	 5.49999000000000E+0002  9.58181000000000E+0003
356	 5.49995000000000E+0002  9.58159000000000E+0003
357	 5.49671000000000E+0002  9.58211000000000E+0003
358	 5.54385000000000E+0002  9.58150000000000E+0003
359	 5.50665000000000E+0002  9.58202000000000E+0003
360	 5.45257000000000E+0002  9.58915000000000E+0003
361	 5.50125000000000E+0002  9.58143000000000E+0003
362	 5.50599000000000E+0002  9.58195000000000E+0003
363	 5.51175000000000E+0002  9.58116000000000E+0003
364	 5.49604000000000E+0002  9.57963000000000E+0003
365	 5.48947000000000E+0002  9.58453000000000E+0003
366	 5.57409000000000E+0002  9.58386000000000E+0003
367	 5.49983000000000E+0002  9.58206000000000E+0003
368	 5.50935000000000E+0002  9.58133000000000E+0003
369	 5.56823000000000E+0002  9.58663000000000E+0003
370	 5.45239000000000E+0002  9.58496000000000E+0003
371	 5.56133000000000E+0002  9.58645000000000E+0003
372	 5.45196000000000E+0002  9.58468000000000E+0003
373	 5.56582000000000E+0002  9.58622000000000E+0003
374	 5.55527000000000E+0002  9.58650000000000E+0003
375	 5.45137000000000E+0002  9.58475000000000E+0003
376	 5.55640000000000E+0002  9.58741000000000E+0003
377	 5.53916000000000E+0002  9.58398000000000E+0003
378	 5.54057038866822E+0002  9.58394290782966E+0003
379	 5.55130000000000E+0002  9.58639000000000E+0003
380	 5.54237000000000E+0002  9.58719000000000E+0003
381	 5.54147000000000E+0002  9.58731000000000E+0003
382	 5.55109000000000E+0002  9.58742000000000E+0003
383	 5.53698000000000E+0002  9.58388000000000E+0003
384	 5.54754000000000E+0002  9.58635000000000E+0003
385	 5.55497000000000E+0002  9.58641000000000E+0003
386	 5.56528000000000E+0002  9.58619000000000E+0003
387	 5.56520000000000E+0002  9.58710000000000E+0003
388	 5.45243000000000E+0002  9.58544000000000E+0003
389	 5.51055000000000E+0002  9.58664000000000E+0003
390	 5.50420000000000E+0002  9.58465000000000E+0003
391	 5.50994000000000E+0002  9.58547000000000E+0003
392	 5.58553000000000E+0002  9.58543000000000E+0003
393	 5.56750000000000E+0002  9.58599000000000E+0003
394	 5.58486000000000E+0002  9.58539000000000E+0003
395	 5.50703000000000E+0002  9.58670000000000E+0003
396	 5.58574000000000E+0002  9.58558000000000E+0003
397	 5.58461000000000E+0002  9.58526000000000E+0003
398	 5.51975000000000E+0002  9.58654000000000E+0003
399	 5.51785000000000E+0002  9.58681000000000E+0003
400	 5.57548000000000E+0002  9.58639000000000E+0003
401	 5.52085000000000E+0002  9.58690000000000E+0003
402	 5.58916000000000E+0002  9.58507000000000E+0003
403	 5.52023000000000E+0002  9.58392000000000E+0003
404	 5.51858000000000E+0002  9.58675000000000E+0003
405	 5.58437000000000E+0002  9.58533000000000E+0003
406	 5.51641000000000E+0002  9.58670000000000E+0003
407	 5.51503000000000E+0002  9.58618000000000E+0003
408	 5.50666000000000E+0002  9.58473000000000E+0003
409	 5.58827000000000E+0002  9.58510000000000E+0003
410	 5.58572000000000E+0002  9.58567000000000E+0003
411	 5.58710000000000E+0002  9.58542000000000E+0003
412	 5.50871000000000E+0002  9.58489000000000E+0003
413	 5.57272000000000E+0002  9.58610000000000E+0003
414	 5.55090000000000E+0002  9.57564000000000E+0003
415	 5.52106000000000E+0002  9.57803000000000E+0003
416	 5.46509000000000E+0002  9.58096000000000E+0003
417	 5.48754000000000E+0002  9.59014000000000E+0003
418	 5.51955000000000E+0002  9.58012000000000E+0003
419	 5.52430000000000E+0002  9.57839000000000E+0003
420	 5.53649000000000E+0002  9.57619000000000E+0003
421	 5.46244000000000E+0002  9.58128000000000E+0003
422	 5.46261000000000E+0002  9.58072000000000E+0003
423	 5.46092000000000E+0002  9.58036000000000E+0003
424	 5.51798000000000E+0002  9.57808000000000E+0003
425	 5.52800000000000E+0002  9.58770000000000E+0003
426	 5.53003000000000E+0002  9.57415000000000E+0003
427	 5.51875000000000E+0002  9.57743000000000E+0003
428	 5.52774112302925E+0002  9.57474972552302E+0003
429	 5.53403000000000E+0002  9.57637000000000E+0003
430	 5.52382000000000E+0002  9.57778000000000E+0003
431	 5.53068000000000E+0002  9.57469000000000E+0003
432	 5.45756000000000E+0002  9.58032000000000E+0003
433	 5.52362000000000E+0002  9.57508000000000E+0003
434	 5.43449000000000E+0002  9.58130000000000E+0003
435	 5.44041000000000E+0002  9.58201000000000E+0003
436	 5.55153000000000E+0002  9.57536000000000E+0003
437	 5.52703000000000E+0002  9.57513000000000E+0003
438	 5.46151000000000E+0002  9.58344000000000E+0003
439	 5.43495000000000E+0002  9.58123000000000E+0003
440	 5.44756000000000E+0002  9.58123000000000E+0003
441	 5.44613000000000E+0002  9.58232000000000E+0003
442	 5.45100000000000E+0002  9.58081000000000E+0003
443	 5.44431000000000E+0002  9.58051000000000E+0003
444	 5.43894000000000E+0002  9.58104000000000E+0003
445	 5.44667000000000E+0002  9.58174000000000E+0003
446	 5.44323000000000E+0002  9.58033000000000E+0003
447	 5.44660000000000E+0002  9.58181000000000E+0003
448	 5.44109000000000E+0002  9.58173000000000E+0003
449	 5.44618000000000E+0002  9.58299000000000E+0003
450	 5.43919000000000E+0002  9.58156000000000E+0003
451	 5.53074000000000E+0002  9.58641000000000E+0003
452	 5.42373000000000E+0002  9.58202000000000E+0003
453	 5.60242000000000E+0002  9.58636000000000E+0003
454	 5.44619000000000E+0002  9.58115000000000E+0003
455	 5.58165000000000E+0002  9.58787000000000E+0003
456	 5.43850000000000E+0002  9.58149000000000E+0003
457	 5.59641000000000E+0002  9.58832000000000E+0003
458	 5.44865000000000E+0002  9.58092000000000E+0003
459	 5.44487000000000E+0002  9.58105000000000E+0003
460	 5.44053000000000E+0002  9.58061000000000E+0003
461	 5.44198000000000E+0002  9.58057000000000E+0003
462	 5.59247984509030E+0002  9.58850166575061E+0003
463	 5.44453000000000E+0002  9.58032000000000E+0003
464	 5.44050000000000E+0002  9.58107000000000E+0003
465	 5.59618000000000E+0002  9.58878000000000E+0003
466	 5.43397000000000E+0002  9.58076000000000E+0003
467	 5.59538000000000E+0002  9.58759000000000E+0003
468	 5.55867000000000E+0002  9.58578000000000E+0003
469	 5.58683000000000E+0002  9.58765000000000E+0003
470	 5.58448000000000E+0002  9.58798000000000E+0003
471	 5.44181000000000E+0002  9.58207000000000E+0003
472	 5.47955000000000E+0002  9.58723000000000E+0003
473	 5.58613000000000E+0002  9.58891000000000E+0003
474	 5.44538000000000E+0002  9.58214000000000E+0003
475	 5.52905000000000E+0002  9.58145000000000E+0003
476	 5.58928000000000E+0002  9.59014000000000E+0003
477	 5.58421000000000E+0002  9.58860000000000E+0003
478	 5.59399000000000E+0002  9.58955000000000E+0003
479	 5.58795000000000E+0002  9.58991000000000E+0003
480	 5.54624000000000E+0002  9.57949000000000E+0003
481	 5.59249000000000E+0002  9.58971000000000E+0003
482	 5.58422000000000E+0002  9.58867000000000E+0003
483	 5.58440000000000E+0002  9.58865000000000E+0003
484	 5.55103000000000E+0002  9.57941000000000E+0003
485	 5.59266000000000E+0002  9.58980000000000E+0003
486	 5.59593000000000E+0002  9.58886000000000E+0003
487	 5.58497000000000E+0002  9.58863000000000E+0003
488	 5.58606000000000E+0002  9.58875000000000E+0003
489	 5.58605000000000E+0002  9.58887000000000E+0003
490	 5.54670000000000E+0002  9.57970000000000E+0003
491	 5.47585207650377E+0002  9.59078163551300E+0003
492	 5.58626000000000E+0002  9.58891000000000E+0003
493	 5.59356000000000E+0002  9.58997000000000E+0003
494	 5.54624000000000E+0002  9.57947000000000E+0003
495	 5.58175000000000E+0002  9.58846000000000E+0003
496	 5.54631000000000E+0002  9.57952000000000E+0003
497	 5.45785000000000E+0002  9.58859000000000E+0003
498	 5.45441000000000E+0002  9.57863000000000E+0003
499	 5.45805000000000E+0002  9.57798000000000E+0003
500	 5.46404000000000E+0002  9.58921000000000E+0003
501	 5.53187000000000E+0002  9.58144000000000E+0003
502	 5.48531000000000E+0002  9.58440000000000E+0003
503	 5.53158000000000E+0002  9.58147000000000E+0003
504	 5.58279000000000E+0002  9.58010000000000E+0003
505	 5.41363000000000E+0002  9.58109000000000E+0003
506	 5.58566000000000E+0002  9.58007000000000E+0003
507	 5.42653000000000E+0002  9.58090000000000E+0003
508	 5.53785000000000E+0002  9.58060000000000E+0003
509	 5.45177000000000E+0002  9.57837000000000E+0003
510	 5.46322000000000E+0002  9.58536000000000E+0003
511	 5.58669000000000E+0002  9.58064000000000E+0003
512	 5.53040000000000E+0002  9.57969000000000E+0003
513	 5.53612000000000E+0002  9.58103000000000E+0003
514	 5.53632000000000E+0002  9.58028000000000E+0003
515	 5.46579000000000E+0002  9.58522000000000E+0003
516	 5.53753000000000E+0002  9.58033000000000E+0003
517	 5.53302454580656E+0002  9.57726798931917E+0003
518	 5.54365000000000E+0002  9.57815000000000E+0003
519	 5.44824000000000E+0002  9.58850000000000E+0003
520	 5.53710368364606E+0002  9.57694326847800E+0003
521	 5.53611000000000E+0002  9.58019000000000E+0003
522	 5.54324000000000E+0002  9.57810000000000E+0003
523	 5.53445000000000E+0002  9.58033000000000E+0003
524	 5.52408000000000E+0002  9.57662000000000E+0003
525	 5.52822000000000E+0002  9.57948000000000E+0003
526	 5.44935000000000E+0002  9.58823000000000E+0003
527	 5.44653000000000E+0002  9.58838000000000E+0003
528	 5.45891000000000E+0002  9.58823000000000E+0003
529	 5.56944000000000E+0002  9.57497000000000E+0003
530	 5.45778000000000E+0002  9.58876000000000E+0003
531	 5.53246245103414E+0002  9.57707696510782E+0003
532	 5.45758000000000E+0002  9.58798000000000E+0003
533	 5.53703000000000E+0002  9.58040000000000E+0003
534	 5.53294670725464E+0002  9.57731909321807E+0003
535	 5.55145000000000E+0002  9.57931000000000E+0003
536	 5.53304759396725E+0002  9.57726864986177E+0003
537	 5.52465000000000E+0002  9.57661000000000E+0003
538	 5.53083000000000E+0002  9.57960000000000E+0003
539	 5.53553188272921E+0002  9.57696911986141E+0003
540	 5.48149000000000E+0002  9.58769000000000E+0003
541	 5.53299770937340E+0002  9.57703182870741E+0003
542	 5.44872000000000E+0002  9.58818000000000E+0003
543	 5.45024000000000E+0002  9.58764000000000E+0003
544	 5.43898000000000E+0002  9.58518000000000E+0003
545	 5.44685000000000E+0002  9.57987000000000E+0003
546	 5.44988000000000E+0002  9.57743000000000E+0003
547	 5.44445000000000E+0002  9.58421000000000E+0003
548	 5.43870000000000E+0002  9.58511000000000E+0003
549	 5.44703000000000E+0002  9.57804000000000E+0003
550	 5.46633000000000E+0002  9.58678000000000E+0003
551	 5.45438000000000E+0002  9.58741000000000E+0003
552	 5.44537000000000E+0002  9.58475000000000E+0003
553	 5.45560000000000E+0002  9.58749000000000E+0003
554	 5.48909000000000E+0002  9.57778000000000E+0003
555	 5.45183000000000E+0002  9.57764000000000E+0003
556	 5.43002000000000E+0002  9.58111000000000E+0003
557	 5.44335000000000E+0002  9.58479000000000E+0003
558	 5.47198000000000E+0002  9.58761000000000E+0003
559	 5.44360000000000E+0002  9.58568000000000E+0003
560	 5.46389000000000E+0002  9.58724000000000E+0003
561	 5.43264000000000E+0002  9.58097000000000E+0003
562	 5.46814000000000E+0002  9.58720000000000E+0003
563	 5.44218970237337E+0002  9.58548160104233E+0003
564	 5.44291000000000E+0002  9.58379000000000E+0003
565	 5.43972000000000E+0002  9.58493000000000E+0003
566	 5.43854000000000E+0002  9.58435000000000E+0003
567	 5.44566000000000E+0002  9.58551000000000E+0003
568	 5.44722000000000E+0002  9.57759000000000E+0003
569	 5.45518000000000E+0002  9.58057000000000E+0003
570	 5.46754000000000E+0002  9.57544000000000E+0003
571	 5.48372000000000E+0002  9.58966000000000E+0003
572	 5.48072000000000E+0002  9.59060000000000E+0003
573	 5.48180000000000E+0002  9.59006000000000E+0003
574	 5.43520000000000E+0002  9.57882000000000E+0003
575	 5.59095000000000E+0002  9.58897000000000E+0003
576	 5.45014000000000E+0002  9.57868000000000E+0003
577	 5.46221000000000E+0002  9.57895000000000E+0003
578	 5.48686000000000E+0002  9.57716000000000E+0003
579	 5.48123000000000E+0002  9.59033000000000E+0003
580	 5.46252000000000E+0002  9.58121000000000E+0003
581	 5.45924000000000E+0002  9.57683000000000E+0003
582	 5.47799000000000E+0002  9.59009000000000E+0003
583	 5.48863000000000E+0002  9.58983000000000E+0003
584	 5.47643000000000E+0002  9.58979000000000E+0003
585	 5.47766000000000E+0002  9.59005000000000E+0003
586	 5.44160000000000E+0002  9.57881000000000E+0003
587	 5.43385000000000E+0002  9.57883000000000E+0003
588	 5.60030000000000E+0002  9.58805000000000E+0003
589	 5.60120000000000E+0002  9.58790000000000E+0003
590	 5.55269000000000E+0002  9.58791000000000E+0003
591	 5.48711000000000E+0002  9.57914000000000E+0003
592	 5.52340000000000E+0002  9.58426000000000E+0003
593	 5.56622000000000E+0002  9.58743000000000E+0003
594	 5.53955000000000E+0002  9.58799000000000E+0003
595	 5.46408000000000E+0002  9.57651000000000E+0003
596	 5.55263000000000E+0002  9.58790000000000E+0003
597	 5.55107000000000E+0002  9.58102000000000E+0003
598	 5.51762000000000E+0002  9.58291000000000E+0003
599	 5.48713000000000E+0002  9.57710000000000E+0003
600	 5.52437000000000E+0002  9.58536000000000E+0003
601	 5.51897000000000E+0002  9.58613000000000E+0003
602	 5.52570000000000E+0002  9.58595000000000E+0003
603	 5.46929000000000E+0002  9.57756000000000E+0003
604	 5.52461000000000E+0002  9.58480000000000E+0003
605	 5.52576962440051E+0002  9.58428086189101E+0003
606	 5.52313000000000E+0002  9.58607000000000E+0003
607	 5.43869000000000E+0002  9.58503000000000E+0003
608	 5.44577000000000E+0002  9.58489000000000E+0003
609	 5.42650000000000E+0002  9.56839000000000E+0003
610	 5.50238000000000E+0002  9.58495000000000E+0003
611	 5.49079000000000E+0002  9.58411000000000E+0003
612	 5.55689000000000E+0002  9.57392000000000E+0003
613	 5.49016000000000E+0002  9.58395000000000E+0003
614	 5.48969000000000E+0002  9.58386000000000E+0003
615	 5.44309000000000E+0002  9.58541000000000E+0003
616	 5.55747000000000E+0002  9.57339000000000E+0003
617	 5.56543000000000E+0002  9.57562000000000E+0003
618	 5.49970000000000E+0002  9.58404000000000E+0003
619	 5.50186000000000E+0002  9.58414000000000E+0003
620	 5.55715000000000E+0002  9.57312000000000E+0003
621	 5.45954000000000E+0002  9.59069000000000E+0003
622	 5.46060000000000E+0002  9.59148000000000E+0003
623	 5.46540000000000E+0002  9.58994000000000E+0003
624	 5.46449000000000E+0002  9.59135000000000E+0003
625	 5.45755000000000E+0002  9.59161000000000E+0003
626	 5.45437000000000E+0002  9.58999000000000E+0003
627	 5.46634000000000E+0002  9.59122000000000E+0003
628	 5.44707000000000E+0002  9.58479000000000E+0003
629	 5.46722000000000E+0002  9.59075000000000E+0003
630	 5.45052000000000E+0002  9.58508000000000E+0003
631	 5.47559000000000E+0002  9.59029000000000E+0003
632	 5.47013000000000E+0002  9.59092000000000E+0003
633	 5.45488000000000E+0002  9.58953000000000E+0003
634	 5.45970000000000E+0002  9.58437000000000E+0003
635	 5.45784000000000E+0002  9.59147000000000E+0003
636	 5.42668000000000E+0002  9.57798000000000E+0003
637	 5.44530000000000E+0002  9.58553000000000E+0003
638	 5.46173000000000E+0002  9.59114000000000E+0003
639	 5.46718000000000E+0002  9.59029000000000E+0003
640	 5.49796000000000E+0002  9.58739000000000E+0003
641	 5.46767000000000E+0002  9.59045000000000E+0003
642	 5.49779000000000E+0002  9.58975000000000E+0003
643	 5.42487000000000E+0002  9.57796000000000E+0003
644	 5.42594000000000E+0002  9.57792000000000E+0003
645	 5.46389000000000E+0002  9.59131000000000E+0003
646	 5.42416000000000E+0002  9.57791000000000E+0003
647	 5.49261000000000E+0002  9.58989000000000E+0003
648	 5.45971000000000E+0002  9.59073000000000E+0003
649	 5.46171000000000E+0002  9.58970000000000E+0003
650	 5.49925000000000E+0002  9.58983000000000E+0003
651	 5.48648000000000E+0002  9.59012000000000E+0003
652	 5.42468000000000E+0002  9.57815000000000E+0003
653	 5.45959000000000E+0002  9.59066000000000E+0003
654	 5.56847000000000E+0002  9.57673000000000E+0003
655	 5.49452000000000E+0002  9.58993000000000E+0003
656	 5.49094000000000E+0002  9.59021000000000E+0003
657	 5.49904000000000E+0002  9.58965000000000E+0003
658	 5.49139000000000E+0002  9.59019000000000E+0003
659	 5.51734000000000E+0002  9.58292000000000E+0003
660	 5.45434000000000E+0002  9.58162000000000E+0003
661	 5.46669000000000E+0002  9.58215000000000E+0003
662	 5.49510000000000E+0002  9.58935000000000E+0003
663	 5.45326000000000E+0002  9.58161000000000E+0003
664	 5.46035000000000E+0002  9.58279000000000E+0003
665	 5.46077000000000E+0002  9.58272000000000E+0003
666	 5.45295000000000E+0002  9.58183000000000E+0003
667	 5.50720000000000E+0002  9.58713000000000E+0003
668	 5.49313000000000E+0002  9.58992000000000E+0003
669	 5.56396000000000E+0002  9.58818000000000E+0003
670	 5.53914000000000E+0002  9.58601000000000E+0003
671	 5.45695000000000E+0002  9.58229000000000E+0003
672	 5.44958000000000E+0002  9.58263000000000E+0003
673	 5.45117000000000E+0002  9.58260000000000E+0003
674	 5.46385000000000E+0002  9.58213000000000E+0003
675	 5.45850000000000E+0002  9.58195000000000E+0003
676	 5.58677000000000E+0002  9.58292000000000E+0003
677	 5.46564000000000E+0002  9.58203000000000E+0003
678	 5.44268000000000E+0002  9.58220000000000E+0003
679	 5.45965000000000E+0002  9.58196000000000E+0003
680	 5.45234000000000E+0002  9.58214000000000E+0003
681	 5.49491000000000E+0002  9.58616000000000E+0003
682	 5.50681000000000E+0002  9.58475000000000E+0003
683	 5.56662000000000E+0002  9.58719000000000E+0003
684	 5.54780000000000E+0002  9.58832000000000E+0003
685	 5.45121000000000E+0002  9.58211000000000E+0003
686	 5.44796000000000E+0002  9.58259000000000E+0003
687	 5.48697000000000E+0002  9.58918000000000E+0003
688	 5.60382000000000E+0002  9.58697000000000E+0003
689	 5.49028000000000E+0002  9.58910000000000E+0003
690	 5.54972000000000E+0002  9.58846000000000E+0003
691	 5.46607000000000E+0002  9.58806000000000E+0003
692	 5.49155000000000E+0002  9.58894000000000E+0003
693	 5.49416000000000E+0002  9.58848000000000E+0003
694	 5.48683000000000E+0002  9.58954000000000E+0003
695	 5.48863000000000E+0002  9.58886000000000E+0003
696	 5.56294000000000E+0002  9.57816000000000E+0003
697	 5.53837000000000E+0002  9.58404000000000E+0003
698	 5.46585000000000E+0002  9.58717000000000E+0003
699	 5.49972000000000E+0002  9.58440000000000E+0003
700	 5.50160000000000E+0002  9.58414000000000E+0003
701	 5.57103000000000E+0002  9.58833000000000E+0003
702	 5.54271000000000E+0002  9.58479000000000E+0003
703	 5.43666000000000E+0002  9.58111000000000E+0003
704	 5.42484000000000E+0002  9.58148000000000E+0003
705	 5.54414716088118E+0002  9.58365826888547E+0003
706	 5.62580000000000E+0002  9.57326000000000E+0003
707	 5.62580000000000E+0002  9.57326000000000E+0003
708	 5.51857000000000E+0002  9.58771000000000E+0003
709	 5.42606000000000E+0002  9.57794000000000E+0003
710	 5.47782000000000E+0002  9.57634000000000E+0003
711	 5.49391430994150E+0002  9.58692419718898E+0003
712	 5.56109000000000E+0002  9.57576000000000E+0003
713	 5.57643000000000E+0002  9.58105000000000E+0003
714	 5.48051000000000E+0002  9.58649000000000E+0003
715	 5.42047000000000E+0002  9.58141000000000E+0003
716	 5.35709247219829E+0002  9.58878921767906E+0003
717	 5.39180000000000E+0002  9.56607000000000E+0003
718	 5.59136000000000E+0002  9.58079000000000E+0003
719	 5.39180000000000E+0002  9.56607000000000E+0003
720	 5.52751000000000E+0002  9.58802000000000E+0003
721	 5.52812000000000E+0002  9.58806000000000E+0003
722	 5.44151000000000E+0002  9.58056000000000E+0003
723	 5.52835000000000E+0002  9.58783000000000E+0003
724	 5.49255000000000E+0002  9.58727000000000E+0003
725	 5.53930000000000E+0002  9.58886000000000E+0003
726	 5.42650000000000E+0002  9.56839000000000E+0003
727	 5.49090000000000E+0002  9.59002000000000E+0003
728	 5.49717000000000E+0002  9.58955000000000E+0003
729	 5.47464000000000E+0002  9.58966000000000E+0003
730	 5.49510000000000E+0002  9.58665000000000E+0003
731	 5.48570000000000E+0002  9.58607000000000E+0003
732	 5.51726000000000E+0002  9.58892000000000E+0003
733	 5.51396000000000E+0002  9.58898000000000E+0003
734	 5.52139000000000E+0002  9.58870000000000E+0003
735	 5.52559000000000E+0002  9.58858000000000E+0003
736	 5.50669000000000E+0002  9.58811000000000E+0003
737	 5.49820000000000E+0002  9.58843000000000E+0003
738	 5.50728000000000E+0002  9.58780000000000E+0003
739	 5.50918000000000E+0002  9.58728000000000E+0003
740	 5.51183000000000E+0002  9.58743000000000E+0003
741	 5.50109000000000E+0002  9.58745000000000E+0003
742	 5.51057000000000E+0002  9.58734000000000E+0003
743	 5.50634000000000E+0002  9.58779000000000E+0003
744	 5.50961000000000E+0002  9.58735000000000E+0003
745	 5.49959000000000E+0002  9.58536000000000E+0003
746	 5.50003000000000E+0002  9.58540000000000E+0003
747	 5.49578000000000E+0002  9.58487000000000E+0003
748	 5.50938000000000E+0002  9.58300000000000E+0003
749	 5.49723000000000E+0002  9.58300000000000E+0003
750	 5.49719000000000E+0002  9.58299000000000E+0003
751	 5.49796000000000E+0002  9.58711000000000E+0003
752	 5.48374000000000E+0002  9.58680000000000E+0003
753	 5.49143000000000E+0002  9.58818000000000E+0003
754	 5.49040000000000E+0002  9.58814000000000E+0003
755	 5.49025000000000E+0002  9.58833000000000E+0003
756	 5.50085000000000E+0002  9.58822000000000E+0003
757	 5.45023000000000E+0002  9.58390000000000E+0003
758	 5.45430000000000E+0002  9.58365000000000E+0003
759	 5.45823000000000E+0002  9.58399000000000E+0003
760	 5.45222000000000E+0002  9.58394000000000E+0003
761	 5.46226000000000E+0002  9.58349000000000E+0003
762	 5.45156000000000E+0002  9.58427000000000E+0003
763	 5.45628000000000E+0002  9.58407000000000E+0003
764	 5.62005000000000E+0002  9.58403000000000E+0003
765	 5.61497000000000E+0002  9.58531000000000E+0003
766	 5.61085000000000E+0002  9.58562000000000E+0003
767	 5.61224000000000E+0002  9.58549000000000E+0003
768	 5.60392000000000E+0002  9.58709000000000E+0003
769	 5.62281000000000E+0002  9.58349000000000E+0003
770	 5.61342000000000E+0002  9.58559000000000E+0003
771	 5.54047000000000E+0002  9.58883000000000E+0003
772	 5.54184000000000E+0002  9.58880000000000E+0003
773	 5.50431000000000E+0002  9.58660000000000E+0003
774	 5.49341000000000E+0002  9.58512000000000E+0003
775	 5.49384000000000E+0002  9.58511000000000E+0003
776	 5.50387000000000E+0002  9.58672000000000E+0003
777	 5.50191000000000E+0002  9.58626000000000E+0003
778	 5.57320000000000E+0002  9.58825000000000E+0003
779	 5.57025000000000E+0002  9.58796000000000E+0003
780	 5.57586000000000E+0002  9.58838000000000E+0003
781	 5.57581000000000E+0002  9.58808000000000E+0003
782	 5.48992000000000E+0002  9.58490000000000E+0003
783	 5.52004000000000E+0002  9.58839000000000E+0003
784	 5.52492000000000E+0002  9.58738000000000E+0003
785	 5.52803000000000E+0002  9.58728000000000E+0003
786	 5.51078000000000E+0002  9.58904000000000E+0003
787	 5.51245000000000E+0002  9.58753000000000E+0003
788	 5.51116000000000E+0002  9.58904000000000E+0003
789	 5.51530000000000E+0002  9.58851000000000E+0003
790	 5.53298000000000E+0002  9.58785000000000E+0003
791	 5.52504000000000E+0002  9.58738000000000E+0003
792	 5.53064000000000E+0002  9.58776000000000E+0003
793	 5.52221000000000E+0002  9.58838000000000E+0003
794	 5.52382000000000E+0002  9.58853000000000E+0003
795	 5.51876000000000E+0002  9.58801000000000E+0003
796	 5.51781000000000E+0002  9.58772000000000E+0003
797	 5.52168000000000E+0002  9.58826000000000E+0003
798	 5.52532000000000E+0002  9.58793000000000E+0003
799	 5.53186000000000E+0002  9.58780000000000E+0003
800	 5.54028000000000E+0002  9.58752000000000E+0003
801	 5.52336000000000E+0002  9.58848000000000E+0003
802	 5.52478000000000E+0002  9.58818000000000E+0003
803	 5.52319000000000E+0002  9.58812000000000E+0003
804	 5.53385000000000E+0002  9.58692000000000E+0003
805	 5.53726000000000E+0002  9.58741000000000E+0003
806	 5.51285000000000E+0002  9.58768000000000E+0003
807	 5.51783000000000E+0002  9.58801000000000E+0003
808	 5.52703000000000E+0002  9.58737000000000E+0003
809	 5.53322000000000E+0002  9.58762000000000E+0003
810	 5.53071000000000E+0002  9.58755000000000E+0003
811	 5.51666000000000E+0002  9.58789000000000E+0003
812	 5.43692000000000E+0002  9.57899000000000E+0003
813	 5.52383000000000E+0002  9.57517000000000E+0003
814	 5.53942000000000E+0002  9.57658000000000E+0003
815	 5.53038000000000E+0002  9.57612000000000E+0003
816	 5.53043000000000E+0002  9.57650000000000E+0003
817	 5.52898000000000E+0002  9.57410000000000E+0003
818	 5.48813000000000E+0002  9.57679000000000E+0003
819	 5.51175000000000E+0002  9.58069000000000E+0003
820	 5.46784000000000E+0002  9.58827000000000E+0003
821	 5.46811000000000E+0002  9.58810000000000E+0003
822	 5.46569000000000E+0002  9.58856000000000E+0003
823	 5.46610000000000E+0002  9.58807000000000E+0003
824	 5.47111422096967E+0002  9.58941447582212E+0003
825	 5.58623000000000E+0002  9.58759000000000E+0003
826	 5.57760000000000E+0002  9.58798000000000E+0003
827	 5.45698000000000E+0002  9.58365000000000E+0003
828	 5.59361000000000E+0002  9.58965000000000E+0003
829	 5.59227000000000E+0002  9.58977000000000E+0003
830	 5.52086000000000E+0002  9.58822000000000E+0003
831	 5.46586000000000E+0002  9.59138000000000E+0003
832	 5.45521000000000E+0002  9.58996000000000E+0003
833	 5.47290000000000E+0002  9.58991000000000E+0003
834	 5.47275038053720E+0002  9.58712648077726E+0003
835	 5.46992000000000E+0002  9.58760000000000E+0003
836	 5.52669000000000E+0002  9.58461000000000E+0003
837	 5.51861000000000E+0002  9.58456000000000E+0003
838	 5.51995000000000E+0002  9.58446000000000E+0003
839	 5.51312000000000E+0002  9.58413000000000E+0003
840	 5.57191000000000E+0002  9.57698000000000E+0003
841	 5.57206000000000E+0002  9.57715000000000E+0003
842	 5.54308000000000E+0002  9.58154000000000E+0003
843	 5.54594000000000E+0002  9.58200000000000E+0003
844	 5.54959000000000E+0002  9.58161000000000E+0003
845	 5.52598000000000E+0002  9.57499000000000E+0003
846	 5.52922000000000E+0002  9.57419000000000E+0003
847	 5.53019000000000E+0002  9.57431000000000E+0003
848	 5.52871394373110E+0002  9.57471953453572E+0003
849	 5.55062000000000E+0002  9.58127000000000E+0003
850	 5.55787000000000E+0002  9.58145000000000E+0003
851	 5.57180000000000E+0002  9.57673000000000E+0003
852	 5.57098000000000E+0002  9.57685000000000E+0003
853	 5.53639703282571E+0002  9.57683685473182E+0003
854	 5.48864000000000E+0002  9.57542000000000E+0003
855	 5.50254000000000E+0002  9.57711000000000E+0003
856	 5.50228000000000E+0002  9.57711000000000E+0003
857	 5.52590000000000E+0002  9.57523000000000E+0003
858	 5.48918000000000E+0002  9.57565000000000E+0003
859	 5.48318000000000E+0002  9.57540000000000E+0003
860	 5.49972000000000E+0002  9.58149000000000E+0003
861	 5.49185000000000E+0002  9.57721000000000E+0003
862	 5.48358000000000E+0002  9.57532000000000E+0003
863	 5.48167000000000E+0002  9.57671000000000E+0003
864	 5.48609000000000E+0002  9.57669000000000E+0003
865	 5.47433000000000E+0002  9.57625000000000E+0003
866	 5.47353000000000E+0002  9.57628000000000E+0003
867	 5.47178000000000E+0002  9.57647000000000E+0003
868	 5.47245000000000E+0002  9.57612000000000E+0003
869	 5.47321000000000E+0002  9.57610000000000E+0003
870	 5.47423000000000E+0002  9.57635000000000E+0003
871	 5.47403000000000E+0002  9.57593000000000E+0003
872	 5.48399000000000E+0002  9.57587000000000E+0003
873	 5.48498000000000E+0002  9.57562000000000E+0003
874	 5.54916000000000E+0002  9.57498000000000E+0003
875	 5.46557000000000E+0002  9.58046000000000E+0003
876	 5.46450000000000E+0002  9.57992000000000E+0003
877	 5.47857000000000E+0002  9.58509000000000E+0003
878	 5.46359000000000E+0002  9.58093000000000E+0003
879	 5.56384000000000E+0002  9.57696000000000E+0003
880	 5.52576000000000E+0002  9.58819000000000E+0003
881	 5.52277000000000E+0002  9.58810000000000E+0003
882	 5.44921000000000E+0002  9.58651000000000E+0003
883	 5.45748000000000E+0002  9.58667000000000E+0003
884	 5.44870000000000E+0002  9.58517000000000E+0003
885	 5.56549000000000E+0002  9.58429000000000E+0003
886	 5.57632000000000E+0002  9.57743000000000E+0003
887	 5.45798000000000E+0002  9.59087000000000E+0003
888	 5.55372000000000E+0002  9.58190000000000E+0003
889	 5.55473875844683E+0002  9.57526141085519E+0003
890	 5.48508000000000E+0002  9.58827000000000E+0003
891	 5.54620000000000E+0002  9.58188000000000E+0003
892	 5.62580000000000E+0002  9.57326000000000E+0003
893	 5.52480000000000E+0002  9.58856000000000E+0003
894	 5.57976000000000E+0002  9.58607000000000E+0003
895	 5.45822000000000E+0002  9.58356000000000E+0003
896	 5.44976000000000E+0002  9.58294000000000E+0003
897	 5.54573000000000E+0002  9.58112000000000E+0003
898	 5.55065000000000E+0002  9.58210000000000E+0003
899	 5.55821000000000E+0002  9.58157000000000E+0003
900	 5.42650000000000E+0002  9.56839000000000E+0003
901	 5.55706000000000E+0002  9.58181000000000E+0003
902	 5.55570000000000E+0002  9.58191000000000E+0003
903	 5.52470000000000E+0002  9.57510000000000E+0003
904	 5.57894000000000E+0002  9.57791000000000E+0003
905	 5.44478000000000E+0002  9.58344000000000E+0003
906	 5.43880000000000E+0002  9.58388000000000E+0003
907	 5.54947000000000E+0002  9.58248000000000E+0003
908	 5.54636000000000E+0002  9.58152000000000E+0003
909	 5.55224000000000E+0002  9.58169000000000E+0003
910	 5.44479000000000E+0002  9.58487000000000E+0003
911	 5.35744346004607E+0002  9.58877605563477E+0003
912	 5.56996903105735E+0002  9.58814226319537E+0003
913	 5.54022956885731E+0002  9.57652651833441E+0003
914	 5.53706496493687E+0002  9.58447301715434E+0003
915	 5.62285779174738E+0002  9.58392352705398E+0003
916	 5.52408465901193E+0002  9.57504828084187E+0003
917	 5.52533984912428E+0002  9.57489377664706E+0003
918	 5.53060298117271E+0002  9.57579318226013E+0003
919	 5.53065959950158E+0002  9.57436309398536E+0003
920	 5.42151964349274E+0002  9.58155139265944E+0003
921	 5.41950687221094E+0002  9.58131733518846E+0003
922	 5.44689398902907E+0002  9.58015789974494E+0003
923	 5.46088524717675E+0002  9.59084155757124E+0003
924	 5.50432660835821E+0002  9.58679599753091E+0003
925	 5.72457201983266E+0002  9.56870062113039E+0003
926	 5.59206858941840E+0002  9.58994844578539E+0003
927	 5.58496785838314E+0002  9.58878320590455E+0003
928	 5.41990741123722E+0002  9.58425111230150E+0003
929	 5.52196148670478E+0002  9.58779379545855E+0003
930	 5.46849510303343E+0002  9.58182833427361E+0003
931	 5.47653011375266E+0002  9.57828246773348E+0003
932	 5.55297793493285E+0002  9.58199477012786E+0003
933	 5.45826049818678E+0002  9.58267285840262E+0003
934	 5.46172599677541E+0002  9.58536921858474E+0003
935	 5.46437298568427E+0002  9.58155377361122E+0003
936	 5.43034731126524E+0002  9.56821525276589E+0003
937	 5.44451490578914E+0002  9.57779206471886E+0003
938	 5.55246171041644E+0002  9.58716608345673E+0003
939	 5.42980348721729E+0002  9.56820800177858E+0003
940	 5.53558411690965E+0002  9.58066625522358E+0003
941	 5.52456096555253E+0002  9.57584282865585E+0003
942	 5.54967992281450E+0002  9.58439847907889E+0003
943	 5.56817131615625E+0002  9.58844544910265E+0003
944	 5.55528313849368E+0002  9.58828770317814E+0003
945	 5.55675990885085E+0002  9.58824742762294E+0003
946	 5.53916267696263E+0002  9.58886705958273E+0003
947	 5.45894047556064E+0002  9.58922621552843E+0003
948	 5.52779969097423E+0002  9.58806553898124E+0003
949	 5.52049133282974E+0002  9.58764664425238E+0003
950	 5.38265682733283E+0002  9.58307972094932E+0003
951	 5.52490330812639E+0002  9.57497474645817E+0003
952	 5.53429917476258E+0002  9.58566928760983E+0003
953	 5.52099728581503E+0002  9.58821929104028E+0003
954	 5.62100216064811E+0002  9.57307505159539E+0003
955	 5.56225828378998E+0002  9.57313580749084E+0003
956	 5.52274818179383E+0002  9.58658663085337E+0003
957	 5.51281004659849E+0002  9.58751785621976E+0003
958	 5.46471727514217E+0002  9.58526467328476E+0003
959	 5.45926284929189E+0002  9.58977492148631E+0003
960	 5.53213655841185E+0002  9.57607706164129E+0003
961	 5.46461119846068E+0002  9.58722896767956E+0003
962	 5.47915343368990E+0002  9.58452036744794E+0003
963	 5.41282655065927E+0002  9.57110855403596E+0003
964	 5.53493399077352E+0002  9.58568492654122E+0003
965	 5.48401785186550E+0002  9.58419920209931E+0003
966	 5.39937795108108E+0002  9.58374192632757E+0003
967	 5.57584900433381E+0002  9.58100153611861E+0003
968	 5.54296533807070E+0002  9.58334648376312E+0003
969	 5.57430525150560E+0002  9.57633973646350E+0003
970	 5.48450566470951E+0002  9.58470499163825E+0003
971	 5.53764773860372E+0002  9.58592870388868E+0003
972	 5.58782481578553E+0002  9.58044542266380E+0003
973	 5.47621996329243E+0002  9.57785367781369E+0003
974	 5.48589601387937E+0002  9.58183701967749E+0003
975	 5.57271763250956E+0002  9.58832315068989E+0003
976	 5.52441716224446E+0002  9.58626696221351E+0003
977	 5.50347948557442E+0002  9.58476909137465E+0003
978	 5.48652470786304E+0002  9.58909010098732E+0003
979	 5.54115895269295E+0002  9.58634105223701E+0003
980	 5.46672333873257E+0002  9.58488783330189E+0003
981	 5.51223285159906E+0002  9.58506785895753E+0003
982	 5.43862006194575E+0002  9.58105421333878E+0003
983	 5.49643220341132E+0002  9.58278073181798E+0003
984	 5.51996411799807E+0002  9.58757069265619E+0003
985	 5.50851136065445E+0002  9.58545835342989E+0003
986	 5.50121773917598E+0002  9.58695312792682E+0003
987	 5.47017355662103E+0002  9.58396302941869E+0003
988	 5.46282370109890E+0002  9.58545778034066E+0003
989	 5.48723388475257E+0002  9.58335217023119E+0003
990	 5.42347991353508E+0002  9.57097568303285E+0003
991	 5.47931460901020E+0002  9.58140701034332E+0003
992	 5.48378062871670E+0002  9.58473550322610E+0003
993	 5.53235823012113E+0002  9.58604139341722E+0003
994	 5.59755889628160E+0002  9.57661213068508E+0003
995	 5.49800223260282E+0002  9.58039378411955E+0003
996	 5.44841289596448E+0002  9.58530687513246E+0003
997	 5.43212527228259E+0002  9.58125107467472E+0003
998	 5.47709069238177E+0002  9.58144243249253E+0003
999	 5.56619750671282E+0002  9.58054030650176E+0003
1000 5.60057994989339E+0002  9.57029244864179E+0003
