PALMEIRA2008
272 1 298
1 329 261
2 331 221
3 234 213
4 197 236
5 148 167
6 333 271
7 296 312
8 405 394
9 398 365
10 376 311
11 425 309
12 250 380
13 234 510
14 91 478
15 303 404
16 338 407
17 356 464
18 388 502
19 609 573
20 449 395
21 515 391
22 504 422
23 569 437
24 560 385
25 642 380
26 692 397
27 774 434
28 787 469
29 824 479
30 845 511
31 754 500
32 820 549
33 835 557
34 736 516
35 709 512
36 708 533
37 681 550
38 601 430
39 689 433
40 692 440
41 456 384
42 717 581
43 648 559
44 589 593
45 602 632
46 568 607
47 547 620
48 966 685
49 970 720
50 994 619
51 941 609
52 1069 576
53 1005 685
54 1121 684
55 1226 608
56 1251 575
57 1262 688
58 1383 691
59 263 339
60 397 557
61 418 556
62 437 581
63 365 600
64 346 670
65 324 723
66 291 797
67 290 831
68 180 736
69 259 846
70 285 878
71 224 924
72 169 923
73 126 915
74 157 976
75 233 568
76 234 605
77 253 333
78 98 467
79 351 178
80 357 144
81 309 117
82 314 72
83 232 111
84 250 64
85 201 100
86 168 90
87 143 97
88 147 75
89 103 129
90 87 32
91 -2 9
92 -31 -12
93 20 -44
94 89 -91
95 -103 -83
96 -169 -154
97 -194 -194
98 -129 -230
99 -217 -210
100 -231 -237
101 -232 -268
102 -313 -252
103 -368 -232
104 -416 -231
105 -247 -321
106 -322 -327
107 -243 -367
108 -146 -394
109 -276 -404
110 -203 -439
111 -128 -453
112 -307 -463
113 -320 -336
114 -452 -223
115 -457 -229
116 -447 -218
117 -533 -267
118 -567 -336
119 -587 -397
120 -525 -404
121 -608 -473
122 -578 -512
123 -619 -510
124 -665 -548
125 -536 -549
126 -267 -484
127 -258 -478
128 -347 -495
129 -318 -511
130 -262 -536
131 -322 -563
132 -250 -595
133 -327 -590
134 -296 -640
135 -373 -641
136 -192 -560
137 -113 -592
138 -140 -639
139 -122 -654
140 -107 -643
141 -369 -686
142 -371 -742
143 -351 -789
144 -393 -519
145 -422 -537
146 -465 -555
147 -477 -521
148 -547 -602
149 -464 -665
150 -567 -656
151 -490 -712
152 -569 -683
153 -633 -707
154 -86 -99
155 -67 -88
156 410 87
157 459 95
158 457 52
159 602 -34
160 549 -73
161 658 -66
162 733 -112
163 845 -199
164 489 181
165 1807 409
166 1804 366
167 548 -267
168 538 -298
169 601 -298
170 897 -232
171 826 -310
172 982 -288
173 1024 -324
174 954 -385
175 838 -496
176 799 -483
177 784 -548
178 1077 -454
179 1101 -494
180 1189 -474
181 1060 -533
182 1026 -573
183 1142 -566
184 1212 -557
185 1169 -625
186 1206 -619
187 873 -808
188 957 -814
189 1124 -769
190 1166 -804
191 1183 -805
192 1183 -738
193 1174 -697
194 1213 -694
195 790 -897
196 1119 -879
197 1177 -885
198 1247 -863
199 1283 -838
200 952 -309
201 1312 -227
202 794 -913
203 1398 -282
204 1453 -330
205 1403 -382
206 1591 -291
207 1615 -177
208 1544 -163
209 1420 -167
210 1482 -91
211 1621 -51
212 1591 51
213 1507 18
214 1496 -39
215 1477 29
216 1566 94
217 1446 78
218 1382 47
219 1479 144
220 1434 122
221 1375 123
222 1378 100
223 1374 85
224 1453 210
225 1453 220
226 1952 457
227 1960 390
228 2008 339
229 2058 496
230 1757 503
231 2107 504
232 1516 -370
233 1623 -365
234 1553 -412
235 1591 -438
236 1477 -491
237 1650 -509
238 1643 -563
239 1415 -677
240 1373 -687
241 1479 -781
242 1544 -774
243 1649 -752
244 1760 -738
245 1670 -651
246 1652 -661
247 1868 -678
248 1888 -660
249 1861 -583
250 1781 -552
251 2046 -754
252 2045 -771
253 1866 -800
254 1857 -852
255 1954 -798
256 1625 -888
257 1511 -834
258 1473 -882
259 1753 -996
260 1831 -971
261 1895 -985
262 1853 -936
263 1829 -1304
264 1825 -1491
265 1595 -303
266 1598 -479
267 209 590
268 331 891
269 371 944
270 51 870
271 1896 -1004
272 1226 -645
1 2 2.3
1 6 0.3
2 3 3.4
2 79 0.8
3 4 0.3
3 5 3.9
6 7 2.5
6 10 1.9
7 8 3
7 59 0.8
8 9 0.8
8 19 5.4
8 20 0.2
9 10 3
10 11 0.4
12 13 5.1
12 15 1.9
12 59 1.6
13 14 4.9
13 75 1.6
14 78 0
15 16 0.5
15 17 4.3
17 18 0.4
18 60 1.3
19 43 1.3
19 44 0.1
19 48 5.7
20 21 1.6
20 41 0
21 22 0.5
21 23 1.8
21 24 0.2
23 37 2
23 38 0.1
24 25 3
25 26 1.5
26 27 2
26 39 0.9
27 28 0.2
28 29 0.3
28 31 1.2
29 30 0.2
31 32 1.4
31 34 0.2
32 33 0
34 35 0.2
34 36 0.3
35 36 0.2
36 37 0.8
37 42 1
37 43 0.3
39 40 0
44 45 0.5
44 46 0.2
46 47 0.1
48 49 0.2
48 53 1.5
50 51 0.9
50 52 1.2
50 53 2.1
53 54 1.5
54 55 4.6
54 57 2.8
55 56 0.4
55 57 3.2
57 58 2
59 77 0
60 61 0
60 62 0.3
60 63 0.9
63 64 1.4
64 65 2.5
65 66 3.2
66 67 1
66 68 3
67 69 0.5
67 70 0.9
68 73 3.7
68 76 4.8
69 70 0.5
70 71 5.6
70 268 2.9
71 72 2.5
71 269 100
72 73 2.3
72 74 1.9
73 270 100
75 76 0.3
75 267 0.2
76 267 0.2
79 80 0.5
79 164 2.3
80 81 1.4
80 156 1.2
81 82 1
81 83 1.8
83 84 0.6
83 85 0.3
85 86 0.4
86 87 0.1
86 88 0.1
87 88 0.1
87 89 1.2
88 90 2.3
90 91 2.4
91 92 0.4
92 93 1.3
92 95 3
93 94 0.2
95 96 1.4
95 154 0
95 155 0
96 97 0.4
97 98 0.4
97 99 0.1
99 100 0.4
100 101 0.3
101 102 1
101 105 1.5
102 103 0.2
103 104 0.7
104 115 0.1
105 106 1.1
105 107 1.2
106 113 0
107 108 1.4
107 109 0.8
109 110 0.9
109 112 1.6
110 111 1
112 126 0.3
112 128 2.1
114 115 0
114 116 0
115 117 1
117 118 1.5
118 119 0.6
119 120 0.2
119 121 2.5
121 122 0.5
121 123 0.5
122 123 0.5
122 125 0.2
123 124 1
125 146 1
125 148 0.4
126 127 0
128 129 0.1
128 144 3.3
129 130 0.7
129 131 1
130 132 0.4
130 136 0.2
131 132 1
131 133 0.3
133 134 0.7
133 135 0.5
135 141 0.3
136 137 1
137 138 0.3
138 139 0
138 140 0
141 142 0.7
142 143 0.7
144 145 0.6
145 146 2.2
146 147 0.5
148 150 1.3
149 150 1.3
150 152 0.2
151 152 1
152 153 0.9
156 157 0.4
156 158 0.6
157 158 0.4
158 159 2
159 160 0.8
159 161 0.5
161 162 1.1
161 167 6.3
162 163 3.2
163 170 1.1
163 218 4
164 165 10.7
164 221 5.1
165 166 0.2
165 226 1.7
167 168 0.1
168 169 0.7
168 177 2.8
170 171 0.8
170 172 1.8
172 173 0.6
172 200 0.3
173 174 1.6
173 178 4
173 201 5.1
174 175 3.2
174 178 2.6
175 176 0.4
175 177 0.8
177 187 3
178 179 0.4
179 180 1.7
179 181 0.5
179 183 1.8
181 182 0.3
183 184 0.8
183 185 0.8
185 186 0.1
185 193 2.3
186 272 0
187 188 0.4
187 195 1.9
188 189 4.8
188 196 3.7
189 190 0.9
189 192 1
190 191 0
192 193 2.8
193 194 0.8
195 202 0
196 197 0.5
197 198 2.6
198 199 0.4
201 203 3.7
201 209 3
203 204 0.8
204 205 1.6
204 206 7.3
204 232 0.8
206 207 7.7
206 265 12.65
207 208 2.2
208 209 6
208 211 2.5
209 210 1.4
210 211 3.7
211 212 5.1
212 213 1.2
212 216 0
213 214 1.5
213 215 0.1
216 217 2
216 219 1.6
217 218 1.4
217 220 1.6
219 220 0.5
219 224 1
220 221 0.6
221 222 0.3
222 223 0
224 225 10
226 227 1
226 229 0.5
227 228 1.3
229 230 6.4
229 231 0.5
232 233 1
232 234 0.5
234 235 0.4
234 236 0.8
235 266 0.9
236 239 1.8
236 266 0.7
237 238 1.5
237 250 0.6
237 266 1.5
238 245 0.6
239 240 0.6
239 241 1
241 242 0.8
241 257 0.2
242 243 0.9
243 244 1.2
243 256 0.9
244 245 1
244 247 2
244 253 1.1
245 246 0.1
247 248 0.3
247 250 0.8
248 249 0.8
248 251 2.4
249 250 0.2
251 252 0
253 254 0.6
253 255 0.8
256 257 0.4
256 259 2.2
257 258 1.8
259 260 1.5
259 263 8.1
260 261 0.5
260 262 0.5
261 271 0
263 264 6.9
