SERRINHA2009
220 1 334
1 551558 9581320
2 551482 9581344
3 551444 9581223
4 551400 9581099
5 551411 9581130
6 551436 9581119
7 551427 9581090
8 551522 9581197
9 551600 9581168
10 551484 9581060
11 551470 9581017
12 551357 9580976
13 551438 9580947
14 551557 9581028
15 551546 9580994
16 551487 9581091
17 551514 9580896
18 551194 9581032
19 551273 9581003
20 551325 9581127
21 551315 9581128
22 551238 9581156
23 551279 9581279
24 551364 9581252
25 551216 9581096
26 551136 9581126
27 551154 9581177
28 551200 9581306
29 551113 9581060
30 551035 9581086
31 551080 9581206
32 551186 9581165
33 551206 9581168
34 551321 9581400
35 551404 9581371
36 551121 9581332
37 550993 9581235
38 551040 9581362
39 550953 9581394
40 550917 9581263
41 550874 9581143
42 550952 9581117
43 550833 9581292
44 550847 9581334
45 550790 9581172
46 550879 9581422
47 550904 9581492
48 551148 9581416
49 550596 9581339
50 550716 9581301
51 550686 9581209
52 550570 9581249
53 550618 9581420
54 550739 9581376
55 550764 9581453
56 550832 9581428
57 550641 9581496
58 550665 9581572
59 550783 9581530
60 550454 9581291
61 550480 9581380
62 550501 9581460
63 550523 9581538
64 550393 9581494
65 550368 9581419
66 550424 9581575
67 550443 9581648
68 550544 9581613
69 550338 9581331
70 550229 9581385
71 550254 9581460
72 550255 9581470
73 550276 9581535
74 550324 9581691
75 550301 9581620
76 550819 9581641
77 550850 9581629
78 550903 9581616
79 550689 9581651
80 550569 9581689
81 550558 9581660
82 550590 9581768
83 550710 9581728
84 550829 9581692
85 550832 9581686
86 550895 9581670
87 550345 9581767
88 550454 9581726
89 550368 9581842
90 550329 9581713
91 550616 9581845
92 550734 9581804
93 550745 9581842
94 550758 9581883
95 550392 9581919
96 550416 9582003
97 550636 9581921
98 550658 9581952
99 550767 9581919
100 550775 9581953
101 550654 9581993
102 550657 9582006
103 550885 9581920
104 550868 9581836
105 550864 9581799
106 550860 9581773
107 550845 9581751
108 550874 9581827
109 550439 9582078
110 550464 9582155
111 550561 9582121
112 550678 9582080
113 550703 9582155
114 550586 9582196
115 550485 9582231
116 550497 9582276
117 550593 9582261
118 550850 9582106
119 550114 9581446
120 550138 9581523
121 550061 9581554
122 550082 9581551
123 550042 9581485
124 549987 9581516
125 550021 9581597
126 550067 9581586
127 550081 9581633
128 550162 9581603
129 550180 9581663
130 550205 9581753
131 550208 9581760
132 550283 9581730
133 550100 9581716
134 550182 9581677
135 550303 9581790
136 550126 9581795
137 550140 9581877
138 550231 9581828
139 550254 9581902
140 549934 9581634
141 549903 9581558
142 550024 9581864
143 549625 9581715
144 549571 9581785
145 549605 9581871
146 549678 9581846
147 549515 9581899
148 549651 9581985
149 549725 9581962
150 549804 9581936
151 549879 9581914
152 549557 9582019
153 549591 9582132
154 549699 9582101
155 549773 9582076
156 549848 9582051
157 549923 9582026
158 549999 9582003
159 549903 9581975
160 549943 9581962
161 550072 9581984
162 550116 9582096
163 550152 9581956
164 549652 9582245
165 549743 9582217
166 549790 9582330
167 549717 9582356
168 549864 9582307
169 549942 9582282
170 550016 9582258
171 549971 9582145
172 549896 9582167
173 549818 9582193
174 550093 9582232
175 550169 9582209
176 550044 9582118
177 550191 9582076
178 550164 9582001
179 550228 9582148
180 550262 9582227
181 550289 9582299
182 550274 9581963
183 550283 9581996
184 550277 9581999
185 550290 9582044
186 550314 9582118
187 550342 9582196
188 550344 9582025
189 550327 9581966
190 550320 9582120
191 550359 9582274
192 550336 9582199
193 550062 9582373
194 550138 9582345
195 550213 9582322
196 550232 9582373
197 550324 9582371
198 550202 9582477
199 550169 9582431
200 550104 9582478
201 549989 9582396
202 549836 9582444
203 549911 9582420
204 549958 9582534
205 550033 9582510
206 550094 9582488
207 550109 9582510
208 550142 9582487
209 550130 9582538
210 549711 9582483
211 549751 9582603
212 549865 9582517
213 549850 9582564
214 549883 9582559
215 549909 9582644
216 549780 9582692
217 550036 9582620
218 550003 9582581
219 549819 9582804
220 550855 9582021
1 2 80.28
1 8 128.53
2 3 126.2
2 35 82.95
3 5 99.51
3 8 81.77
3 24 85.61
4 5 32.53
4 7 28.98
4 12 130.4
4 20 79.35
5 6 27.41
6 7 30.91
7 10 64.2
8 9 83.42
8 16 111.39
9 14 146.85
10 11 46.03
10 14 80.22
10 16 30.7
11 13 76.08
11 15 79.58
12 13 86.29
12 19 88.52
13 17 90.93
14 15 35.42
15 17 103.03
18 19 83.5
18 25 67.73
18 29 86.03
19 21 132.38
20 21 10.62
20 24 130.36
21 22 81.42
22 23 130.32
22 25 63.69
22 33 34.79
23 24 89.12
23 28 83.19
23 34 127.5
24 35 126.2
25 26 84.27
26 27 54.35
26 29 70.07
27 28 136.53
27 31 79.71
27 32 33.74
28 36 83.46
29 30 82.42
30 31 128.88
30 42 88.66
31 36 132.65
31 37 91.95
32 33 19.7
34 35 87.83
36 38 86.56
36 48 88.09
37 38 134.52
37 40 80.65
37 42 125.96
38 39 92.28
39 40 135.94
39 46 79.11
40 41 128.04
40 43 89.64
41 42 81.64
41 45 89.63
43 44 44.05
43 45 128.03
44 46 93.52
44 54 116.01
45 51 110.01
46 47 74.18
47 48 255.81
47 59 126.23
49 50 126.46
49 52 93.34
49 53 84.11
49 61 122.37
50 51 96.85
50 54 77.54
51 52 122.35
52 60 124.2
53 54 129.36
53 57 79.34
53 62 123.12
54 55 81.4
55 56 71.88
55 57 130.34
55 59 78.82
57 58 79.35
57 63 125.46
58 59 125.46
58 68 127.23
58 79 82.97
59 76 116.92
60 61 92.22
60 69 121.8
61 62 83.36
61 65 118.23
62 63 81.23
62 64 113.35
63 66 105.91
63 68 77.07
64 65 78.81
64 66 87.13
64 73 123.66
65 69 92.98
65 71 122.12
66 67 74.86
66 75 130.88
67 68 107.66
67 74 126.5
68 81 49.14
69 70 121.66
70 71 79.6
70 119 130.94
71 72 9.91
72 73 68.51
72 120 128.78
73 75 88.16
74 75 74.44
74 90 23.07
75 129 128.51
76 77 32.62
76 85 46.68
77 78 54.27
79 80 125.81
79 83 80.03
80 81 31.64
80 82 81.5
82 83 126.29
82 89 234.21
82 91 81.13
83 84 123.89
83 92 79.22
84 85 6.83
84 107 61.15
85 86 65.37
87 88 117.16
87 89 79.21
87 90 55.59
87 135 47.37
89 95 79.94
89 139 128.42
90 132 49.32
91 92 125.33
91 95 235.42
91 97 78.35
92 93 39.64
92 107 123.63
93 94 43.47
93 105 127.27
94 97 127.77
94 99 36.85
94 104 119.01
95 96 87.26
96 109 79.22
96 188 74.45
97 101 73.9
98 99 114.02
99 100 34.63
100 101 127.73
100 103 114.76
101 102 13.33
102 109 229.38
103 220 104.88
104 108 11.01
105 106 27.12
105 108 28.97
106 107 26.47
109 110 80.9
109 190 126.41
110 111 102.88
110 115 78.56
110 187 128.51
111 112 124.61
111 114 79.68
112 113 79.45
112 220 186.78
113 114 123.89
113 118 155.5
114 115 106.49
115 116 46.68
115 191 132.91
116 117 96.65
118 220 85.13
119 120 80.45
119 123 81.37
120 122 62.6
120 128 83.85
121 122 20.91
121 123 72.22
121 126 32.48
123 124 63.01
124 125 87.89
124 141 94.09
125 126 46.71
125 140 95.09
126 127 49
127 128 86.32
127 133 84.63
128 129 62.28
129 134 14.37
130 131 7
130 134 79.55
130 136 89.95
131 132 80.36
131 138 72.57
132 135 63.81
133 134 90.27
135 138 82.01
137 138 103.26
137 142 116.36
137 163 79.85
138 139 76.85
139 182 64
140 141 82.13
140 142 246.28
141 143 319.8
143 144 88.19
143 146 140.82
144 145 92.06
145 146 77.13
145 147 94.45
145 148 122.94
146 149 125.55
147 152 126.78
148 149 78.4
148 152 99.32
148 154 125.82
149 150 82.19
149 155 123.71
150 151 78.65
150 156 123.33
151 159 65.38
152 153 118.58
153 154 111.87
153 164 128.27
154 155 78.39
154 165 124.22
155 156 79.44
155 173 125.13
156 157 79.02
156 172 125.39
157 158 79.03
157 159 54.59
157 171 128
158 161 75.19
158 176 124.27
159 160 41.41
161 162 120.84
161 163 85.57
162 175 124.07
162 176 76.19
162 177 77.79
163 178 46.98
164 165 96.04
164 167 129.05
165 166 122.02
165 173 78.3
166 167 77.22
166 168 78.03
166 202 122.61
168 169 81.62
168 173 122.83
168 203 123.15
169 170 78.3
169 172 123.64
169 201 123.16
170 171 121.68
170 174 80.24
170 193 124.13
171 172 78.61
171 176 77.21
172 173 81.89
174 175 79.7
174 176 123.85
174 194 121.69
175 195 122.18
177 178 79.16
177 179 81.38
177 185 103.76
178 182 115.95
179 180 85.81
179 186 90.75
180 181 76.7
180 192 78.65
181 191 74.15
181 195 79.7
181 197 80.61
182 183 34.61
183 184 7.05
184 185 46.51
185 186 78.03
185 188 57.56
186 190 6.37
187 190 79.2
187 192 6.66
188 189 61.18
191 192 78.86
193 194 81.11
193 200 113.08
193 201 76.1
194 195 78.6
194 199 91.04
195 196 54.28
197 198 161.9
198 199 57.05
198 209 94.75
199 200 80.16
200 206 13.6
201 203 81.63
201 205 122.68
202 203 79.39
202 210 130.4
202 212 78.86
203 204 122.83
204 205 78.87
204 214 79.13
205 206 65.33
206 207 27.18
207 208 40.08
207 209 34.81
209 217 123.9
210 211 126.81
211 213 106.15
211 216 92.84
212 213 49.75
212 214 45
214 215 89.75
215 216 136.81
216 219 119.24
217 218 50.56
217 219 285.26